;Isotope Mass in amu
;Useful for converting between mass fractions and mole fractions
;List follows sollo09.dat
;Beginning with h1, h2, ...
;
1.007825
2.014102
3.016029
4.002603
6.015122
7.016004
9.012182
10.012937
11.009305
12.000000
13.003355
14.003074
15.000109
15.994915
16.999132
17.999160
18.998403
19.992440
20.993847
21.991386
22.989770
23.985042
24.985837
25.982593
26.981538
27.976927
28.976495
29.973770
30.973762
31.972071
32.971458
33.967867
35.967081
34.968853
36.965903
35.967546
37.962732
39.962383
38.963707
39.963999
40.961826
39.962591
41.958618
42.958767
43.955481
45.953693
47.952534
44.955910
45.952629
46.951764
47.947947
48.947871
49.944792
49.947163
50.943964
49.946050
51.940512
52.940654
53.938885
54.938050
53.939615
55.934942
56.935399
57.933280
58.933200
57.935348
59.930791
60.931060
61.928349
63.927970
62.929601
64.927794
63.929147
65.926037
66.927131
67.924848
69.925325
68.925581
70.924705
69.924250
71.922076
72.923459
73.921178
75.921403
74.921596
73.922477
75.919214
76.919915
77.917310
79.916522
81.916700
78.918338
80.916291
77.920386
79.916378
81.913485
82.914136
83.911507
85.910610
84.911789
86.909183
83.913425
85.909262
86.908879
87.905614
88.905848
89.904704
90.905645
91.905040
93.906316
95.908276
92.906378
91.906810
93.905088
94.905841
95.904679
96.906021
97.905408
99.907477
95.907598
97.905287
98.905939
99.904220
100.905582
101.904350
103.905430
102.905504
101.905608
103.904035
104.905084
105.903483
107.903894
109.905152
106.905093
108.904756
105.906458
107.904183
109.903006
110.904182
111.902757
112.904401
113.903358
115.904755
112.904061
114.903878
111.904821
113.902782
114.903346
115.901744
116.902954
117.901606
118.903309
119.902197
121.903440
123.905275
120.903818
122.904216
119.904020
121.903047
122.904273
123.902819
124.904425
125.903306
127.904461
129.906223
126.904468
123.905896
125.904269
127.903530
128.904779
129.903508
130.905082
131.904154
133.905395
135.907220
132.905447
129.906310
131.905056
133.904503
134.905683
135.904570
136.905821
137.905241
137.907107
138.906348
135.907144
137.905986
139.905434
141.909240
140.907648
141.907719
142.909810
143.910083
145.913112
147.916889
149.920887
144.912744
143.911995
146.914893
147.914818
148.917180
149.917271
151.919728
153.922205
150.919846
152.921226
151.919788
153.920862
154.922619
155.922120
156.923957
157.924101
159.927051
158.925343
155.924278
157.924405
159.925194
160.926930
161.926795
162.928728
163.929171
164.930319
161.928775
163.929197
165.930290
166.932045
167.932368
169.935460
168.934211
167.933894
169.934759
170.936322
171.936378
172.938207
173.938858
175.942568
174.940768
175.942682
173.940040
175.941402
176.943220
177.943698
178.945815
179.946549
179.947466
180.947996
179.946706
181.948206
182.950224
183.950933
185.954362
184.952956
186.955751
183.952491
185.953838
186.955748
187.955836
188.958145
189.958445
191.961479
190.960591
192.962924
189.959930
191.961035
193.962664
194.964774
195.964935
197.967876
196.966552
195.965815
197.966752
198.968262
199.968309
200.970285
201.970626
203.973476
202.972329
204.974412
203.973029
205.974449
206.975881
207.976636
208.980383
232.038050
234.040946
235.043923
238.050783