1
2
3
4
6
7
9
10
11
12
13
14
15
16
17
18
19
20
21
22
23
24
25
26
27
28
29
30
31
32
33
34
36
35
37
36
38
40
39
40
41
40
42
43
44
46
48
45
46
47
48
49
50
50
51
50
52
53
54
55
54
56
57
58
59
58
60
61
62
64
63
65
64
66
67
68
70
69
71
70
72
73
74
76
75
74
76
77
78
80
82
79
81
78
80
82
83
84
86
85
87
84
86
87
88
89
90
91
92
94
96
93
92
94
95
96
97
98
100
96
98
99
100
101
102
104
103
102
104
105
106
108
110
107
109
106
108
110
111
112
113
114
116
113
115
112
114
115
116
117
118
119
120
122
124
121
123
120
122
123
124
125
126
128
130
127
124
126
128
129
130
131
132
134
136
133
130
132
134
135
136
137
138
138
139
136
138
140
142
141
142
143
144
145
146
148
150
144
147
148
149
150
152
154
151
153
152
154
155
156
157
158
160
159
156
158
160
161
162
163
164
165
162
164
166
167
168
170
169
168
170
171
172
173
174
176
175
176
174
176
177
178
179
180
180
181
180
182
183
184
186
185
187
184
186
187
188
189
190
192
191
193
190
192
194
195
196
198
197
196
198
199
200
201
202
204
203
205
204
206
207
208
209
232
234
235
238