       0.0000000
       0.0000000
       0.0000000
       0.0000000
       0.0000000
       0.0000000
       0.0000000
       0.0000000
       0.0000000
   1.5015216e-06
   2.0885224e-08
   7.6986520e-08
   1.1026573e-10
   3.9610558e-06
   1.4081200e-10
   2.3871971e-12
   2.8610193e-11
   5.2051514e-07
   4.6618340e-10
   7.7851438e-10
   2.2791511e-09
   9.0537680e-08
   1.3073654e-09
   1.4419534e-09
   1.9484915e-09
   6.7610105e-08
   3.4802490e-10
   3.2942889e-10
   2.7263754e-10
   4.0383795e-08
   1.9534949e-10
   3.6555194e-10
   3.9125299e-14
   1.8214711e-10
   3.4651491e-11
   6.4007867e-09
   3.0218864e-10
   2.0202421e-15
   1.7227094e-10
   3.4848353e-13
   1.1886983e-11
   3.0828992e-09
   1.4857127e-11
   5.8244536e-13
   1.3892956e-11
   8.1051286e-18
   1.3554055e-18
   6.9071804e-13
   2.9054290e-12
   1.0342510e-12
   4.9901095e-11
   2.6813583e-12
   8.8434838e-17
   3.2432011e-15
   5.8326387e-12
   7.0493621e-12
   3.2447711e-10
   2.3293382e-11
   1.3346479e-13
   9.5705045e-11
   2.8324886e-10
   2.0511480e-08
   7.2315420e-10
   6.9135683e-14
   7.5217567e-11
   1.6424562e-10
   6.5625614e-10
   2.2983560e-11
   7.9996991e-11
   2.2962303e-18
   1.4267119e-11
   3.5633370e-13
   2.6831969e-11
   2.2870059e-12
   7.8260601e-14
   8.4988788e-14
       0.0000000
       0.0000000
       0.0000000
       0.0000000
       0.0000000
       0.0000000
       0.0000000
       0.0000000
       0.0000000
       0.0000000
       0.0000000
       0.0000000
       0.0000000
       0.0000000
       0.0000000
       0.0000000
       0.0000000
       0.0000000
       0.0000000
       0.0000000
       0.0000000
       0.0000000
       0.0000000
       0.0000000
       0.0000000
       0.0000000
       0.0000000
       0.0000000
       0.0000000
       0.0000000
       0.0000000
       0.0000000
       0.0000000
       0.0000000
       0.0000000
       0.0000000
       0.0000000
       0.0000000
       0.0000000
       0.0000000
       0.0000000
       0.0000000
       0.0000000
       0.0000000
       0.0000000
       0.0000000
       0.0000000
       0.0000000
       0.0000000
       0.0000000
       0.0000000
       0.0000000
       0.0000000
       0.0000000
       0.0000000
       0.0000000
       0.0000000
       0.0000000
       0.0000000
       0.0000000
       0.0000000
       0.0000000
       0.0000000
       0.0000000
       0.0000000
       0.0000000
       0.0000000
       0.0000000
       0.0000000
       0.0000000
       0.0000000
       0.0000000
       0.0000000
       0.0000000
       0.0000000
       0.0000000
       0.0000000
       0.0000000
       0.0000000
       0.0000000
       0.0000000
       0.0000000
       0.0000000
       0.0000000
       0.0000000
       0.0000000
       0.0000000
       0.0000000
       0.0000000
       0.0000000
       0.0000000
       0.0000000
       0.0000000
       0.0000000
       0.0000000
       0.0000000
       0.0000000
       0.0000000
       0.0000000
       0.0000000
       0.0000000
       0.0000000
       0.0000000
       0.0000000
       0.0000000
       0.0000000
       0.0000000
       0.0000000
       0.0000000
       0.0000000
       0.0000000
       0.0000000
       0.0000000
       0.0000000
       0.0000000
       0.0000000
       0.0000000
       0.0000000
       0.0000000
       0.0000000
       0.0000000
       0.0000000
       0.0000000
       0.0000000
       0.0000000
       0.0000000
       0.0000000
       0.0000000
       0.0000000
       0.0000000
       0.0000000
       0.0000000
       0.0000000
       0.0000000
       0.0000000
       0.0000000
       0.0000000
       0.0000000
       0.0000000
       0.0000000
       0.0000000
       0.0000000
       0.0000000
       0.0000000
       0.0000000
       0.0000000
       0.0000000
       0.0000000
       0.0000000
       0.0000000
       0.0000000
       0.0000000
       0.0000000
       0.0000000
       0.0000000
       0.0000000
       0.0000000
       0.0000000
       0.0000000
       0.0000000
       0.0000000
       0.0000000
       0.0000000
       0.0000000
       0.0000000
       0.0000000
       0.0000000
       0.0000000
       0.0000000
       0.0000000
       0.0000000
       0.0000000
       0.0000000
       0.0000000
       0.0000000
       0.0000000
       0.0000000
       0.0000000
       0.0000000
       0.0000000
       0.0000000
       0.0000000
       0.0000000
       0.0000000
       0.0000000
       0.0000000
       0.0000000
       0.0000000
       0.0000000
       0.0000000
       0.0000000
       0.0000000
       0.0000000
       0.0000000
       0.0000000
       0.0000000
       0.0000000
       0.0000000
       0.0000000
       0.0000000
       0.0000000
       0.0000000
       0.0000000
       0.0000000
       0.0000000
       0.0000000
       0.0000000
       0.0000000
       0.0000000
       0.0000000
       0.0000000
