       0.0000000
       0.0000000
       0.0000000
       0.0000000
       0.0000000
       0.0000000
       0.0000000
       0.0000000
       0.0000000
   4.7334185e-09
   4.7334185e-09
   5.5223216e-09
   5.5223216e-09
   6.3112247e-09
   6.3112247e-09
   6.3112247e-09
   7.1001278e-09
   7.8890308e-09
   7.8890308e-09
   7.8890308e-09
   8.6779339e-09
   9.4668370e-09
   9.4668370e-09
   9.4668370e-09
   1.0255740e-08
   1.1044643e-08
   1.1044643e-08
   1.1044643e-08
   1.1833546e-08
   1.2622449e-08
   1.2622449e-08
   1.2622449e-08
   1.2622449e-08
   1.3411352e-08
   1.3411352e-08
   1.4200256e-08
   1.4200256e-08
   1.4200256e-08
   1.4989159e-08
   1.4989159e-08
   1.4989159e-08
   1.5778062e-08
   1.5778062e-08
   1.5778062e-08
   1.5778062e-08
   1.5778062e-08
   1.5778062e-08
   1.6566965e-08
   1.7355868e-08
   1.7355868e-08
   1.7355868e-08
   1.7355868e-08
   1.7355868e-08
   1.8144771e-08
   1.8144771e-08
   1.8933674e-08
   1.8933674e-08
   1.8933674e-08
   1.8933674e-08
   1.9722577e-08
   2.0511480e-08
   2.0511480e-08
   2.0511480e-08
   2.0511480e-08
   2.1300383e-08
   2.2089286e-08
   2.2089286e-08
   2.2089286e-08
   2.2089286e-08
   2.2089286e-08
   2.2878189e-08
   2.2878189e-08
   2.3667093e-08
   2.3667093e-08
   2.3667093e-08
   2.3667093e-08
       0.0000000
       0.0000000
       0.0000000
       0.0000000
       0.0000000
       0.0000000
       0.0000000
       0.0000000
       0.0000000
       0.0000000
       0.0000000
       0.0000000
       0.0000000
       0.0000000
       0.0000000
       0.0000000
       0.0000000
       0.0000000
       0.0000000
       0.0000000
       0.0000000
       0.0000000
       0.0000000
       0.0000000
       0.0000000
       0.0000000
       0.0000000
       0.0000000
       0.0000000
       0.0000000
       0.0000000
       0.0000000
       0.0000000
       0.0000000
       0.0000000
       0.0000000
       0.0000000
       0.0000000
       0.0000000
       0.0000000
       0.0000000
       0.0000000
       0.0000000
       0.0000000
       0.0000000
       0.0000000
       0.0000000
       0.0000000
       0.0000000
       0.0000000
       0.0000000
       0.0000000
       0.0000000
       0.0000000
       0.0000000
       0.0000000
       0.0000000
       0.0000000
       0.0000000
       0.0000000
       0.0000000
       0.0000000
       0.0000000
       0.0000000
       0.0000000
       0.0000000
       0.0000000
       0.0000000
       0.0000000
       0.0000000
       0.0000000
       0.0000000
       0.0000000
       0.0000000
       0.0000000
       0.0000000
       0.0000000
       0.0000000
       0.0000000
       0.0000000
       0.0000000
       0.0000000
       0.0000000
       0.0000000
       0.0000000
       0.0000000
       0.0000000
       0.0000000
       0.0000000
       0.0000000
       0.0000000
       0.0000000
       0.0000000
       0.0000000
       0.0000000
       0.0000000
       0.0000000
       0.0000000
       0.0000000
       0.0000000
       0.0000000
       0.0000000
       0.0000000
       0.0000000
       0.0000000
       0.0000000
       0.0000000
       0.0000000
       0.0000000
       0.0000000
       0.0000000
       0.0000000
       0.0000000
       0.0000000
       0.0000000
       0.0000000
       0.0000000
       0.0000000
       0.0000000
       0.0000000
       0.0000000
       0.0000000
       0.0000000
       0.0000000
       0.0000000
       0.0000000
       0.0000000
       0.0000000
       0.0000000
       0.0000000
       0.0000000
       0.0000000
       0.0000000
       0.0000000
       0.0000000
       0.0000000
       0.0000000
       0.0000000
       0.0000000
       0.0000000
       0.0000000
       0.0000000
       0.0000000
       0.0000000
       0.0000000
       0.0000000
       0.0000000
       0.0000000
       0.0000000
       0.0000000
       0.0000000
       0.0000000
       0.0000000
       0.0000000
       0.0000000
       0.0000000
       0.0000000
       0.0000000
       0.0000000
       0.0000000
       0.0000000
       0.0000000
       0.0000000
       0.0000000
       0.0000000
       0.0000000
       0.0000000
       0.0000000
       0.0000000
       0.0000000
       0.0000000
       0.0000000
       0.0000000
       0.0000000
       0.0000000
       0.0000000
       0.0000000
       0.0000000
       0.0000000
       0.0000000
       0.0000000
       0.0000000
       0.0000000
       0.0000000
       0.0000000
       0.0000000
       0.0000000
       0.0000000
       0.0000000
       0.0000000
       0.0000000
       0.0000000
       0.0000000
       0.0000000
       0.0000000
       0.0000000
       0.0000000
       0.0000000
       0.0000000
       0.0000000
       0.0000000
       0.0000000
       0.0000000
       0.0000000
       0.0000000
       0.0000000
       0.0000000
       0.0000000
       0.0000000
   7.2579084e-08
       0.0000000
