;(MADE BY ~/gce/sprocess/gallino.pro) Gallino (2010) s-process fractions (normalized to Lodders 2009) 6/28/2011
       0.0000000
       0.0000000
       0.0000000
       0.0000000
       0.0000000
       0.0000000
       0.0000000
       0.0000000
       0.0000000
       0.0000000
       0.0000000
       0.0000000
       0.0000000
       0.0000000
       0.0000000
       0.0000000
       0.0000000
       0.0000000
       0.0000000
       0.0000000
       0.0000000
       0.0000000
       0.0000000
       0.0000000
       0.0000000
       0.0000000
       0.0000000
       0.0000000
       0.0000000
       0.0000000
       0.0000000
       0.0000000
       0.0000000
       0.0000000
       0.0000000
       0.0000000
       0.0000000
       0.0000000
       0.0000000
       0.0000000
       0.0000000
       0.0000000
       0.0000000
       0.0000000
       0.0000000
       0.0000000
       0.0000000
       0.0000000
       0.0000000
       0.0000000
       0.0000000
       0.0000000
       0.0000000
       0.0000000
       0.0000000
       0.0000000
       0.0000000
       0.0000000
       0.0000000
       0.0000000
       0.0000000
       0.0000000
       0.0000000
       0.0000000
       0.0000000
       0.0000000
       0.0000000
       0.0000000
       0.0000000
       0.0000000
    0.0070000000
     0.019000000
    0.0010000000
    0.0090000000
     0.014000000
     0.020000000
    0.0010000000
     0.032000000
     0.053000000
     0.054000000
     0.070000000
     0.067000000
     0.081000000
    0.0010000000
     0.055000000
       0.0000000
      0.14500000
     0.068000000
      0.15300000
     0.089000000
    0.0010000000
     0.074000000
     0.093000000
       0.0000000
     0.098000000
      0.28700000
      0.10700000
      0.13800000
      0.18900000
      0.17500000
      0.28000000
       0.0000000
      0.56000000
      0.55300000
       1.0000000
      0.98100000
      0.76500000
      0.95200000
      0.90500000
       1.0000000
      0.46300000
      0.91400000
       0.0000000
    0.0080000000
      0.66100000
       1.0000000
      0.61100000
      0.79400000
     0.043000000
       0.0000000
       0.0000000
      0.30400000
       1.0000000
      0.16300000
      0.45700000
     0.022000000
      0.15700000
       0.0000000
       1.0000000
      0.14600000
      0.54500000
      0.69500000
     0.028000000
      0.15900000
      0.27100000
       0.0000000
    0.0040000000
       1.0000000
      0.35400000
      0.70000000
      0.40200000
      0.83700000
      0.15800000
       0.0000000
      0.40900000
       0.0000000
       0.0000000
     0.025000000
       1.0000000
      0.51400000
      0.72700000
      0.58800000
      0.76200000
      0.42000000
       0.0000000
      0.39900000
     0.063000000
       0.0000000
       1.0000000
       1.0000000
       1.0000000
      0.20800000
      0.42000000
     0.036000000
       0.0000000
     0.055000000
       0.0000000
       0.0000000
       1.0000000
     0.032000000
       1.0000000
     0.074000000
      0.30000000
     0.040000000
       0.0000000
      0.14900000
       0.0000000
       0.0000000
       1.0000000
      0.28700000
       1.0000000
      0.64100000
      0.89500000
       0.0000000
      0.69600000
       0.0000000
       0.0000000
      0.88700000
      0.19200000
      0.50800000
       1.0000000
      0.32200000
      0.51300000
      0.27400000
      0.64700000
      0.18800000
       0.0000000
       0.0000000
      0.25700000
       1.0000000
      0.12500000
       1.0000000
      0.22700000
     0.027000000
     0.058000000
     0.057000000
      0.71400000
       1.0000000
     0.059000000
      0.17500000
      0.11100000
      0.28200000
    0.0060000000
     0.085000000
       0.0000000
       0.0000000
       1.0000000
     0.051000000
      0.15600000
     0.042000000
      0.22600000
     0.080000000
       0.0000000
      0.74000000
      0.15900000
     0.091000000
      0.28900000
      0.12300000
      0.12500000
       0.0000000
       1.0000000
      0.20300000
      0.42900000
      0.26500000
      0.60200000
     0.083000000
      0.17700000
       1.0000000
       0.0000000
       1.0000000
      0.16600000
      0.56600000
      0.39600000
      0.85700000
      0.75600000
      0.45100000
     0.057000000
      0.60100000
      0.57000000
      0.76400000
      0.57400000
      0.28100000
      0.10200000
       0.0000000
       1.0000000
      0.40600000
      0.28500000
     0.043000000
      0.14000000
     0.034000000
     0.019000000
     0.013000000
       0.0000000
      0.79200000
     0.060000000
     0.023000000
      0.12100000
       0.0000000
     0.059000000
       0.0000000
       1.0000000
      0.27800000
      0.67500000
      0.50700000
      0.84100000
      0.10200000
      0.79000000
      0.59600000
       1.0000000
      0.65900000
      0.58300000
      0.42300000
     0.058000000
       0.0000000
       0.0000000
       0.0000000
       0.0000000
