      0.53912074
   2.3793675e-08
   1.4082665e-06
     0.097323328
   6.2641090e-14
   1.1890603e-08
   7.1462797e-14
   3.5143082e-12
   1.6067306e-09
    0.0010700733
   1.4884049e-05
   5.4865159e-05
   7.8581895e-08
    0.0028228832
   1.0035098e-07
   1.7012582e-09
   2.0389320e-08
   0.00037094995
   3.3222993e-07
   5.5481551e-07
   1.6242582e-06
   6.4522519e-05
   9.3170612e-07
   1.0276215e-06
   1.3886106e-06
   4.8182970e-05
   2.4802318e-07
   2.3477056e-07
   1.9429768e-07
   2.8779887e-05
   1.3921763e-07
   2.6051399e-07
   2.7883008e-11
   1.2980883e-07
   2.4694707e-08
   4.5615801e-06
   2.1535754e-07
   1.4397443e-12
   1.2277049e-07
   2.4835003e-10
   8.4713688e-09
   2.1970568e-06
   1.0588070e-08
   4.1508510e-10
   9.9009441e-09
   5.7761952e-15
   9.6594231e-16
   4.9224663e-10
   2.0705810e-09
   7.3706861e-10
   3.5562479e-08
   1.9108949e-09
   6.3023909e-14
   2.3112974e-12
   4.1566842e-09
   5.0237934e-09
   2.3124163e-07
   1.6600245e-08
   9.5114924e-11
   6.8205090e-08
   2.0185993e-07
   1.4617697e-05
   5.1536256e-07
   4.9270187e-11
   5.3604498e-08
   1.1705117e-07
   4.6768704e-07
   1.6379448e-08
   5.7010599e-08
   1.6364299e-15
   1.0167595e-08
   2.5394452e-10
   1.9122052e-08
   1.6298560e-09
   5.5773145e-11
   6.0568050e-11
   1.8196385e-18
   7.5142624e-12
   1.2168476e-12
   4.1618238e-11
   6.1284160e-13
   2.7568037e-13
   7.8045205e-17
   9.2166277e-19
   1.9702942e-14
   6.1713129e-13
   1.7589217e-14
   1.1181975e-14
   3.4521990e-17
   8.0333455e-17
   5.0741769e-19
   5.5707566e-16
   2.6659712e-17
   1.2835741e-14
   6.4242965e-16
   3.0577356e-16
   2.4908134e-17
   7.7934643e-17
   2.4628545e-16
   3.9734240e-17
   5.0325693e-17
   6.4056965e-18
   1.1435116e-17
   9.7369517e-18
   2.0301897e-16
   5.2572327e-17
   3.2722404e-17
   1.2195412e-17
   1.7749016e-17
   1.5494174e-17
   5.8900945e-18
   5.7357952e-18
   1.1565349e-19
   2.5527731e-18
   2.7823188e-18
   1.7208954e-18
   8.1126730e-19
   2.7938841e-18
   3.7089504e-19
   1.7036362e-19
       0.0000000
   4.2595953e-19
   1.2071636e-18
   2.8936394e-19
   1.5023235e-18
   1.0249569e-18
   5.1109702e-19
       0.0000000
   3.6915487e-19
   2.5023176e-19
   1.1409343e-18
   1.2647625e-18
   2.7854487e-19
   1.9572482e-19
   2.9454152e-19
       0.0000000
       0.0000000
   8.7704786e-19
   2.4632349e-19
   1.0637044e-18
   3.3424521e-19
   1.9723867e-18
   7.1830736e-19
       0.0000000
   4.0064454e-19
       0.0000000
       0.0000000
       0.0000000
   2.2684842e-18
   7.6167673e-19
   3.8096013e-18
   1.0637091e-18
   6.0234748e-18
   1.1198131e-18
   3.1760139e-20
   4.9535588e-19
   3.6098761e-19
       0.0000000
   4.1469275e-19
   1.1930964e-19
   1.1922884e-18
   3.7482360e-19
   2.1767641e-18
   5.2923782e-19
       0.0000000
   2.9670857e-19
       0.0000000
       0.0000000
   5.9518371e-19
   3.4515562e-19
   1.1496666e-18
   4.8341906e-19
   2.4561635e-18
   6.9800247e-19
   9.1852160e-20
   4.1765997e-19
       0.0000000
       0.0000000
   2.8188603e-19
   7.2262303e-19
   1.6681136e-18
   2.6814106e-18
   1.4248829e-17
       0.0000000
   1.3151129e-18
       0.0000000
       0.0000000
   2.7242779e-18
   2.1899656e-19
   3.5137736e-19
   5.3321654e-19
   9.7274614e-20
   3.0773056e-19
   6.2899569e-20
   2.4897783e-19
   6.8543164e-20
       0.0000000
       0.0000000
   2.6774512e-20
   2.2229807e-20
       0.0000000
   4.3549373e-20
   4.1841904e-20
   3.2327494e-20
       0.0000000
       0.0000000
       0.0000000
       0.0000000
   1.4786433e-20
   1.2072774e-20
   1.5542570e-20
   5.9053538e-20
   1.7661660e-20
   1.2134092e-20
       0.0000000
       0.0000000
       0.0000000
       0.0000000
   3.8939362e-20
   1.8293548e-20
   7.2222429e-20
   1.2769507e-20
       0.0000000
       0.0000000
       0.0000000
   1.1591422e-20
   4.3080798e-20
   3.8134024e-20
   1.0130662e-20
       0.0000000
       0.0000000
   2.1802037e-20
   6.2221809e-20
   4.6740972e-20
   3.9780997e-19
   4.9861945e-20
   7.2062251e-20
   3.6269747e-20
       0.0000000
       0.0000000
   6.0323804e-20
   1.7677302e-19
   5.8679687e-20
   1.4320524e-19
       0.0000000
   4.8813794e-20
       0.0000000
   5.7191079e-20
   1.7252776e-20
   4.4936126e-20
   4.5903431e-20
   1.1900480e-20
       0.0000000
       0.0000000
       0.0000000
       0.0000000
   2.1173515e-20
       0.0000000
   3.7622164e-20
   2.2353730e-20
       0.0000000
   1.0317360e-20
       0.0000000
       0.0000000
   3.8650216e-20
   1.2671122e-20
   5.1640266e-20
   1.1452804e-20
   1.7136198e-20
       0.0000000
   3.7734045e-20
   2.5184475e-20
   8.6694636e-20
   4.1367070e-20
   1.3434840e-19
   6.2488721e-20
   9.3810617e-20
   1.4012606e-19
   3.6509321e-20
   4.5081084e-19
   4.4656060e-19
   5.2726076e-19
   1.7221816e-20
       0.0000000
       0.0000000
       0.0000000
